v2.0 raw
00000000 00000101 00000000 00000001
00000000 00000101 00000001 00000001
00000000 00101001 00000000 00000001 00000010
00000000 00011110 00100000 00000001 00000010
00000000 00110100 00000000 00000001 00000010
00000000 00011110 00100000 00000010 00000010
00000000 00111111 00000000 00000001 00000010
00000000 00011110 00100000 00000011 00000010
00000000 01001010 00000000 00000010
00000000 00011110 00100000 00000100 00000010
00000000 01010010 00000000 00000001 00000010
00000000 00011110 00100000 00000101 00000010
00000000 00000101 00000011 00000001
00000000 01011101 00000011 00000100
00000000 00011110 00100000 00000110 00000100
00000000 00000101 00000011 00000010
00000000 01100101 00000011 00000100
00000000 00011110 00100000 00000111 00000100
