v2.0 raw
00000000 00000101 00000000 00010110
00000000 00000101 00000001 00010110
00000000 01001010 00000001 00000001
00000000 00000101 00000010 00000001
00000000 00101001 00000001 00000010 00000001
00000000 00101001 00000000 00000001 00000010
00000000 01110011 00000000 00100111
00000000 00011110 00100000 00000001 00000010
00000000 01101101 00000000 00110000
00000000 00000101 00000011 00000010
00000000 00011110 00100000 00000010 00000011
00000000 00000101 00000000 00010100
00000000 00000101 00000001 00001111
00000000 01001010 00000001 00000001
00000000 00000101 00000010 00000001
00000000 00101001 00000001 00000010 00000001
00000000 00101001 00000000 00000001 00000010
00000000 10110010 00000000 01011011
00000000 00000101 00000010 00000001
00000000 00011110 00100000 00001000 00000010
00000000 01101101 00000000 01100100
00000000 00000101 00000010 00000010
00000000 00011110 00100000 00001001 00000010
