v2.0 raw
00000000 00000101 00000000 00000001
00000000 00011110 00100000 00000000 00000000
00000000 00000101 00000001 00000010
00000000 00011110 00100000 00000001 00000001
00000000 00000101 00000010 00000011
00000000 00011110 00100000 00000010 00000010
00000000 00000101 00000011 00000100
00000000 00011110 00100000 00000011 00000011
00000000 00000101 00000100 00000101
00000000 00011110 00100000 00000100 00000100
00000000 00000101 00000101 00000110
00000000 00011110 00100000 00000101 00000101
00000000 00000101 00000110 00000111
00000000 00011110 00100000 00000110 00000110
00000000 00000101 00000111 00001000
00000000 00011110 00100000 00000111 00000111
